VARIABLES="T","Fx","Fy" 30.000000      0.055271      0.006120
 30.001000      0.055376      0.011925
 30.002000      0.055471      0.017730
 30.003000      0.055558      0.023534
 30.004000      0.055636      0.029337
 30.005000      0.055705      0.035140
 30.006000      0.055766      0.040940
 30.007000      0.055817      0.046740
 30.008000      0.055860      0.052537
 30.009000      0.055894      0.058333
 30.010000      0.055919      0.064126
 30.011000      0.055935      0.069916
 30.012000      0.055943      0.075704
 30.013000      0.055942      0.081489
 30.014000      0.055931      0.087271
 30.015000      0.055912      0.093049
 30.016000      0.055884      0.098824
 30.017000      0.055848      0.104594
 30.018000      0.055802      0.110360
 30.019000      0.055748      0.116122
 30.020000      0.055684      0.121880
 30.021000      0.055612      0.127632
 30.022000      0.055532      0.133379
 30.023000      0.055442      0.139121
 30.024000      0.055344      0.144858
 30.025000      0.055237      0.150588
 30.026000      0.055121      0.156313
 30.027000      0.054996      0.162031
 30.028000      0.054863      0.167743
 30.029000      0.054721      0.173448
 30.030000      0.054571      0.179146
 30.031000      0.054412      0.184836
 30.032000      0.054244      0.190520
 30.033000      0.054068      0.196195
 30.034000      0.053883      0.201863
 30.035000      0.053689      0.207523
 30.036000      0.053487      0.213174
 30.037000      0.053277      0.218817
 30.038000      0.053058      0.224450
 30.039000      0.052831      0.230075
 30.040000      0.052596      0.235691
 30.041000      0.052352      0.241297
 30.042000      0.052100      0.246893
 30.043000      0.051840      0.252479
 30.044000      0.051571      0.258055
 30.045000      0.051294      0.263621
 30.046000      0.051010      0.269176
 30.047000      0.050717      0.274720
 30.048000      0.050416      0.280253
 30.049000      0.050107      0.285774
 30.050000      0.049791      0.291284
 30.051000      0.049466      0.296783
 30.052000      0.049134      0.302269
 30.053000      0.048793      0.307743
 30.054000      0.048446      0.313205
 30.055000      0.048090      0.318654
 30.056000      0.047727      0.324090
 30.057000      0.047356      0.329513
 30.058000      0.046978      0.334923
 30.059000      0.046593      0.340319
 30.060000      0.046200      0.345702
 30.061000      0.045799      0.351070
 30.062000      0.045392      0.356425
 30.063000      0.044977      0.361765
 30.064000      0.044556      0.367090
 30.065000      0.044127      0.372400
 30.066000      0.043691      0.377696
 30.067000      0.043249      0.382976
 30.068000      0.042799      0.388241
 30.069000      0.042343      0.393490
 30.070000      0.041880      0.398723
 30.071000      0.041410      0.403940
 30.072000      0.040934      0.409141
 30.073000      0.040452      0.414325
 30.074000      0.039963      0.419492
 30.075000      0.039468      0.424643
 30.076000      0.038966      0.429776
 30.077000      0.038459      0.434892
 30.078000      0.037945      0.439991
 30.079000      0.037425      0.445072
 30.080000      0.036900      0.450135
 30.081000      0.036368      0.455179
 30.082000      0.035831      0.460205
 30.083000      0.035288      0.465213
 30.084000      0.034740      0.470202
 30.085000      0.034186      0.475172
 30.086000      0.033627      0.480123
 30.087000      0.033062      0.485055
 30.088000      0.032492      0.489967
 30.089000      0.031917      0.494859
 30.090000      0.031337      0.499731
 30.091000      0.030753      0.504583
 30.092000      0.030163      0.509415
 30.093000      0.029568      0.514226
 30.094000      0.028969      0.519017
 30.095000      0.028365      0.523787
 30.096000      0.027757      0.528535
 30.097000      0.027145      0.533263
 30.098000      0.026528      0.537969
 30.099000      0.025907      0.542653
 30.100000      0.025281      0.547316
 30.101000      0.024652      0.551956
 30.102000      0.024019      0.556574
 30.103000      0.023382      0.561170
 30.104000      0.022742      0.565744
 30.105000      0.022098      0.570294
 30.106000      0.021450      0.574822
 30.107000      0.020799      0.579327
 30.108000      0.020145      0.583808
 30.109000      0.019488      0.588266
 30.110000      0.018827      0.592700
 30.111000      0.018164      0.597111
 30.112000      0.017497      0.601497
 30.113000      0.016828      0.605860
 30.114000      0.016157      0.610198
 30.115000      0.015482      0.614512
 30.116000      0.014806      0.618801
 30.117000      0.014127      0.623065
 30.118000      0.013445      0.627304
 30.119000      0.012762      0.631519
 30.120000      0.012077      0.635707
 30.121000      0.011389      0.639871
 30.122000      0.010700      0.644009
 30.123000      0.010010      0.648121
 30.124000      0.009317      0.652207
 30.125000      0.008623      0.656267
 30.126000      0.007928      0.660301
 30.127000      0.007232      0.664308
 30.128000      0.006534      0.668289
 30.129000      0.005836      0.672243
 30.130000      0.005136      0.676171
 30.131000      0.004436      0.680071
 30.132000      0.003735      0.683944
 30.133000      0.003034      0.687790
 30.134000      0.002332      0.691608
 30.135000      0.001629      0.695399
 30.136000      0.000927      0.699162
 30.137000      0.000224      0.702897
 30.138000     -0.000479      0.706604
 30.139000     -0.001181      0.710283
 30.140000     -0.001884      0.713934
 30.141000     -0.002586      0.717556
 30.142000     -0.003288      0.721150
 30.143000     -0.003989      0.724715
 30.144000     -0.004690      0.728251
 30.145000     -0.005390      0.731758
 30.146000     -0.006089      0.735236
 30.147000     -0.006787      0.738684
 30.148000     -0.007484      0.742104
 30.149000     -0.008179      0.745493
 30.150000     -0.008874      0.748854
 30.151000     -0.009567      0.752184
 30.152000     -0.010258      0.755484
 30.153000     -0.010948      0.758755
 30.154000     -0.011637      0.761995
 30.155000     -0.012323      0.765205
 30.156000     -0.013007      0.768385
 30.157000     -0.013690      0.771534
 30.158000     -0.014370      0.774653
 30.159000     -0.015048      0.777741
 30.160000     -0.015723      0.780798
 30.161000     -0.016396      0.783824
 30.162000     -0.017066      0.786819
 30.163000     -0.017734      0.789783
 30.164000     -0.018399      0.792716
 30.165000     -0.019061      0.795617
 30.166000     -0.019720      0.798486
 30.167000     -0.020376      0.801325
 30.168000     -0.021028      0.804131
 30.169000     -0.021678      0.806905
 30.170000     -0.022324      0.809648
 30.171000     -0.022966      0.812359
 30.172000     -0.023605      0.815037
 30.173000     -0.024240      0.817683
 30.174000     -0.024871      0.820297
 30.175000     -0.025498      0.822879
 30.176000     -0.026121      0.825428
 30.177000     -0.026740      0.827944
 30.178000     -0.027355      0.830428
 30.179000     -0.027965      0.832879
 30.180000     -0.028572      0.835297
 30.181000     -0.029173      0.837682
 30.182000     -0.029770      0.840034
 30.183000     -0.030362      0.842353
 30.184000     -0.030950      0.844639
 30.185000     -0.031532      0.846891
 30.186000     -0.032110      0.849110
 30.187000     -0.032682      0.851296
 30.188000     -0.033250      0.853448
 30.189000     -0.033812      0.855567
 30.190000     -0.034368      0.857651
 30.191000     -0.034920      0.859702
 30.192000     -0.035466      0.861720
 30.193000     -0.036006      0.863703
 30.194000     -0.036540      0.865652
 30.195000     -0.037069      0.867567
 30.196000     -0.037592      0.869448
 30.197000     -0.038109      0.871295
 30.198000     -0.038620      0.873108
 30.199000     -0.039125      0.874886
 30.200000     -0.039623      0.876630
 30.201000     -0.040116      0.878340
 30.202000     -0.040602      0.880015
 30.203000     -0.041081      0.881655
 30.204000     -0.041554      0.883261
 30.205000     -0.042021      0.884832
 30.206000     -0.042481      0.886369
 30.207000     -0.042934      0.887870
 30.208000     -0.043381      0.889337
 30.209000     -0.043820      0.890769
 30.210000     -0.044253      0.892166
 30.211000     -0.044679      0.893528
 30.212000     -0.045097      0.894855
 30.213000     -0.045509      0.896147
 30.214000     -0.045913      0.897403
 30.215000     -0.046311      0.898625
 30.216000     -0.046700      0.899811
 30.217000     -0.047083      0.900962
 30.218000     -0.047458      0.902078
 30.219000     -0.047825      0.903158
 30.220000     -0.048185      0.904204
 30.221000     -0.048538      0.905213
 30.222000     -0.048882      0.906187
 30.223000     -0.049219      0.907126
 30.224000     -0.049549      0.908029
 30.225000     -0.049870      0.908897
 30.226000     -0.050183      0.909729
 30.227000     -0.050489      0.910526
 30.228000     -0.050787      0.911287
 30.229000     -0.051076      0.912012
 30.230000     -0.051358      0.912701
 30.231000     -0.051631      0.913355
 30.232000     -0.051897      0.913973
 30.233000     -0.052154      0.914556
 30.234000     -0.052403      0.915102
 30.235000     -0.052643      0.915613
 30.236000     -0.052876      0.916088
 30.237000     -0.053100      0.916528
 30.238000     -0.053315      0.916931
 30.239000     -0.053523      0.917299
 30.240000     -0.053721      0.917631
 30.241000     -0.053912      0.917927
 30.242000     -0.054093      0.918187
 30.243000     -0.054267      0.918411
 30.244000     -0.054431      0.918599
 30.245000     -0.054587      0.918751
 30.246000     -0.054735      0.918868
 30.247000     -0.054874      0.918949
 30.248000     -0.055004      0.918993
 30.249000     -0.055125      0.919002
 30.250000     -0.055238      0.918975
 30.251000     -0.055342      0.918912
 30.252000     -0.055437      0.918814
 30.253000     -0.055524      0.918679
 30.254000     -0.055602      0.918508
 30.255000     -0.055671      0.918302
 30.256000     -0.055731      0.918060
 30.257000     -0.055783      0.917782
 30.258000     -0.055825      0.917468
 30.259000     -0.055859      0.917118
 30.260000     -0.055884      0.916732
 30.261000     -0.055901      0.916311
 30.262000     -0.055908      0.915854
 30.263000     -0.055907      0.915361
 30.264000     -0.055897      0.914832
 30.265000     -0.055878      0.914268
 30.266000     -0.055850      0.913668
 30.267000     -0.055813      0.913032
 30.268000     -0.055768      0.912361
 30.269000     -0.055713      0.911654
 30.270000     -0.055650      0.910911
 30.271000     -0.055579      0.910133
 30.272000     -0.055498      0.909320
 30.273000     -0.055409      0.908470
 30.274000     -0.055311      0.907586
 30.275000     -0.055204      0.906666
 30.276000     -0.055088      0.905710
 30.277000     -0.054964      0.904719
 30.278000     -0.054831      0.903693
 30.279000     -0.054690      0.902632
 30.280000     -0.054539      0.901535
 30.281000     -0.054381      0.900403
 30.282000     -0.054213      0.899236
 30.283000     -0.054037      0.898034
 30.284000     -0.053853      0.896796
 30.285000     -0.053660      0.895524
 30.286000     -0.053459      0.894216
 30.287000     -0.053249      0.892874
 30.288000     -0.053031      0.891497
 30.289000     -0.052804      0.890085
 30.290000     -0.052569      0.888638
 30.291000     -0.052326      0.887156
 30.292000     -0.052074      0.885640
 30.293000     -0.051815      0.884089
 30.294000     -0.051547      0.882504
 30.295000     -0.051271      0.880884
 30.296000     -0.050987      0.879229
 30.297000     -0.050695      0.877540
 30.298000     -0.050394      0.875817
 30.299000     -0.050086      0.874060
 30.300000     -0.049770      0.872268
 30.301000     -0.049447      0.870442
 30.302000     -0.049115      0.868582
 30.303000     -0.048775      0.866689
 30.304000     -0.048428      0.864761
 30.305000     -0.048074      0.862799
 30.306000     -0.047711      0.860804
 30.307000     -0.047341      0.858775
 30.308000     -0.046964      0.856712
 30.309000     -0.046579      0.854615
 30.310000     -0.046187      0.852485
 30.311000     -0.045788      0.850322
 30.312000     -0.045381      0.848126
 30.313000     -0.044967      0.845896
 30.314000     -0.044547      0.843633
 30.315000     -0.044119      0.841336
 30.316000     -0.043684      0.839007
 30.317000     -0.043242      0.836645
 30.318000     -0.042793      0.834250
 30.319000     -0.042338      0.831823
 30.320000     -0.041876      0.829362
 30.321000     -0.041407      0.826870
 30.322000     -0.040932      0.824344
 30.323000     -0.040450      0.821786
 30.324000     -0.039962      0.819196
 30.325000     -0.039468      0.816574
 30.326000     -0.038967      0.813920
 30.327000     -0.038461      0.811234
 30.328000     -0.037948      0.808516
 30.329000     -0.037429      0.805766
 30.330000     -0.036904      0.802984
 30.331000     -0.036374      0.800171
 30.332000     -0.035838      0.797326
 30.333000     -0.035296      0.794450
 30.334000     -0.034748      0.791542
 30.335000     -0.034195      0.788604
 30.336000     -0.033637      0.785634
 30.337000     -0.033073      0.782633
 30.338000     -0.032504      0.779602
 30.339000     -0.031930      0.776540
 30.340000     -0.031351      0.773447
 30.341000     -0.030767      0.770324
 30.342000     -0.030178      0.767170
 30.343000     -0.029584      0.763986
 30.344000     -0.028985      0.760772
 30.345000     -0.028382      0.757528
 30.346000     -0.027775      0.754254
 30.347000     -0.027163      0.750950
 30.348000     -0.026547      0.747616
 30.349000     -0.025927      0.744253
 30.350000     -0.025302      0.740861
 30.351000     -0.024674      0.737439
 30.352000     -0.024041      0.733988
 30.353000     -0.023405      0.730508
 30.354000     -0.022765      0.726999
 30.355000     -0.022122      0.723462
 30.356000     -0.021475      0.719896
 30.357000     -0.020825      0.716301
 30.358000     -0.020171      0.712678
 30.359000     -0.019514      0.709026
 30.360000     -0.018854      0.705347
 30.361000     -0.018191      0.701639
 30.362000     -0.017526      0.697904
 30.363000     -0.016857      0.694141
 30.364000     -0.016186      0.690350
 30.365000     -0.015512      0.686533
 30.366000     -0.014836      0.682687
 30.367000     -0.014157      0.678815
 30.368000     -0.013476      0.674916
 30.369000     -0.012793      0.670990
 30.370000     -0.012108      0.667037
 30.371000     -0.011421      0.663058
 30.372000     -0.010733      0.659052
 30.373000     -0.010042      0.655020
 30.374000     -0.009350      0.650962
 30.375000     -0.008657      0.646879
 30.376000     -0.007962      0.642769
 30.377000     -0.007266      0.638634
 30.378000     -0.006568      0.634473
 30.379000     -0.005870      0.630287
 30.380000     -0.005171      0.626076
 30.381000     -0.004471      0.621840
 30.382000     -0.003770      0.617579
 30.383000     -0.003068      0.613294
 30.384000     -0.002366      0.608984
 30.385000     -0.001664      0.604650
 30.386000     -0.000962      0.600291
 30.387000     -0.000259      0.595909
 30.388000      0.000444      0.591503
 30.389000      0.001147      0.587073
 30.390000      0.001849      0.582620
 30.391000      0.002552      0.578143
 30.392000      0.003253      0.573643
 30.393000      0.003955      0.569121
 30.394000      0.004656      0.564575
 30.395000      0.005356      0.560007
 30.396000      0.006055      0.555416
 30.397000      0.006753      0.550804
 30.398000      0.007450      0.546169
 30.399000      0.008146      0.541512
 30.400000      0.008841      0.536833
 30.401000      0.009534      0.532133
 30.402000      0.010226      0.527412
 30.403000      0.010916      0.522669
 30.404000      0.011605      0.517906
 30.405000      0.012292      0.513121
 30.406000      0.012976      0.508316
 30.407000      0.013659      0.503491
 30.408000      0.014340      0.498645
 30.409000      0.015018      0.493779
 30.410000      0.015694      0.488894
 30.411000      0.016367      0.483988
 30.412000      0.017038      0.479064
 30.413000      0.017707      0.474119
 30.414000      0.018372      0.469156
 30.415000      0.019034      0.464174
 30.416000      0.019694      0.459173
 30.417000      0.020350      0.454154
 30.418000      0.021004      0.449116
 30.419000      0.021654      0.444061
 30.420000      0.022300      0.438987
 30.421000      0.022943      0.433895
 30.422000      0.023582      0.428786
 30.423000      0.024218      0.423660
 30.424000      0.024850      0.418517
 30.425000      0.025478      0.413356
 30.426000      0.026102      0.408179
 30.427000      0.026721      0.402986
 30.428000      0.027337      0.397776
 30.429000      0.027948      0.392550
 30.430000      0.028555      0.387308
 30.431000      0.029157      0.382050
 30.432000      0.029755      0.376777
 30.433000      0.030348      0.371489
 30.434000      0.030936      0.366185
 30.435000      0.031520      0.360867
 30.436000      0.032098      0.355534
 30.437000      0.032672      0.350187
 30.438000      0.033240      0.344825
 30.439000      0.033803      0.339450
 30.440000      0.034360      0.334060
 30.441000      0.034912      0.328657
 30.442000      0.035459      0.323241
 30.443000      0.036000      0.317812
 30.444000      0.036535      0.312369
 30.445000      0.037065      0.306914
 30.446000      0.037589      0.301447
 30.447000      0.038107      0.295967
 30.448000      0.038618      0.290475
 30.449000      0.039124      0.284971
 30.450000      0.039624      0.279456
 30.451000      0.040117      0.273929
 30.452000      0.040604      0.268391
 30.453000      0.041084      0.262842
 30.454000      0.041558      0.257282
 30.455000      0.042026      0.251712
 30.456000      0.042487      0.246132
 30.457000      0.042941      0.240541
 30.458000      0.043388      0.234941
 30.459000      0.043829      0.229331
 30.460000      0.044262      0.223711
 30.461000      0.044689      0.218083
 30.462000      0.045108      0.212445
 30.463000      0.045521      0.206799
 30.464000      0.045926      0.201145
 30.465000      0.046324      0.195482
 30.466000      0.046714      0.189811
 30.467000      0.047098      0.184132
 30.468000      0.047473      0.178446
 30.469000      0.047842      0.172752
 30.470000      0.048202      0.167052
 30.471000      0.048555      0.161344
 30.472000      0.048901      0.155630
 30.473000      0.049239      0.149909
 30.474000      0.049569      0.144182
 30.475000      0.049891      0.138450
 30.476000      0.050205      0.132711
 30.477000      0.050511      0.126967
 30.478000      0.050810      0.121218
 30.479000      0.051100      0.115464
 30.480000      0.051382      0.109705
 30.481000      0.051656      0.103941
 30.482000      0.051922      0.098173
 30.483000      0.052180      0.092401
 30.484000      0.052429      0.086625
 30.485000      0.052670      0.080846
 30.486000      0.052903      0.075063
 30.487000      0.053128      0.069277
 30.488000      0.053344      0.063488
 30.489000      0.053552      0.057697
 30.490000      0.053751      0.051903
 30.491000      0.053942      0.046106
 30.492000      0.054124      0.040308
 30.493000      0.054297      0.034508
 30.494000      0.054462      0.028707
 30.495000      0.054619      0.022904
 30.496000      0.054767      0.017101
 30.497000      0.054906      0.011296
 30.498000      0.055036      0.005491
 30.499000      0.055158     -0.000314
 30.500000      0.055271     -0.006120
 30.501000      0.055376     -0.011925
 30.502000      0.055471     -0.017730
 30.503000      0.055558     -0.023534
 30.504000      0.055636     -0.029337
 30.505000      0.055705     -0.035140
 30.506000      0.055766     -0.040940
 30.507000      0.055817     -0.046740
 30.508000      0.055860     -0.052537
 30.509000      0.055894     -0.058333
 30.510000      0.055919     -0.064126
 30.511000      0.055935     -0.069916
 30.512000      0.055943     -0.075704
 30.513000      0.055942     -0.081489
 30.514000      0.055931     -0.087271
 30.515000      0.055912     -0.093049
 30.516000      0.055884     -0.098824
 30.517000      0.055848     -0.104594
 30.518000      0.055802     -0.110360
 30.519000      0.055748     -0.116122
 30.520000      0.055684     -0.121880
 30.521000      0.055612     -0.127632
 30.522000      0.055532     -0.133379
 30.523000      0.055442     -0.139121
 30.524000      0.055344     -0.144858
 30.525000      0.055237     -0.150588
 30.526000      0.055121     -0.156313
 30.527000      0.054996     -0.162031
 30.528000      0.054863     -0.167743
 30.529000      0.054721     -0.173448
 30.530000      0.054571     -0.179146
 30.531000      0.054412     -0.184836
 30.532000      0.054244     -0.190520
 30.533000      0.054068     -0.196195
 30.534000      0.053883     -0.201863
 30.535000      0.053689     -0.207523
 30.536000      0.053487     -0.213174
 30.537000      0.053277     -0.218817
 30.538000      0.053058     -0.224450
 30.539000      0.052831     -0.230075
 30.540000      0.052596     -0.235691
 30.541000      0.052352     -0.241297
 30.542000      0.052100     -0.246893
 30.543000      0.051840     -0.252479
 30.544000      0.051571     -0.258055
 30.545000      0.051294     -0.263621
 30.546000      0.051010     -0.269176
 30.547000      0.050717     -0.274720
 30.548000      0.050416     -0.280253
 30.549000      0.050107     -0.285774
 30.550000      0.049791     -0.291284
 30.551000      0.049466     -0.296783
 30.552000      0.049134     -0.302269
 30.553000      0.048793     -0.307743
 30.554000      0.048446     -0.313205
 30.555000      0.048090     -0.318654
 30.556000      0.047727     -0.324090
 30.557000      0.047356     -0.329513
 30.558000      0.046978     -0.334923
 30.559000      0.046593     -0.340319
 30.560000      0.046200     -0.345702
 30.561000      0.045799     -0.351070
 30.562000      0.045392     -0.356425
 30.563000      0.044977     -0.361765
 30.564000      0.044556     -0.367090
 30.565000      0.044127     -0.372400
 30.566000      0.043691     -0.377696
 30.567000      0.043249     -0.382976
 30.568000      0.042799     -0.388241
 30.569000      0.042343     -0.393490
 30.570000      0.041880     -0.398723
 30.571000      0.041410     -0.403940
 30.572000      0.040934     -0.409141
 30.573000      0.040452     -0.414325
 30.574000      0.039963     -0.419492
 30.575000      0.039468     -0.424643
 30.576000      0.038966     -0.429776
 30.577000      0.038459     -0.434892
 30.578000      0.037945     -0.439991
 30.579000      0.037425     -0.445072
 30.580000      0.036900     -0.450135
 30.581000      0.036368     -0.455179
 30.582000      0.035831     -0.460205
 30.583000      0.035288     -0.465213
 30.584000      0.034740     -0.470202
 30.585000      0.034186     -0.475172
 30.586000      0.033627     -0.480123
 30.587000      0.033062     -0.485055
 30.588000      0.032492     -0.489967
 30.589000      0.031917     -0.494859
 30.590000      0.031337     -0.499731
 30.591000      0.030753     -0.504583
 30.592000      0.030163     -0.509415
 30.593000      0.029568     -0.514226
 30.594000      0.028969     -0.519017
 30.595000      0.028365     -0.523787
 30.596000      0.027757     -0.528535
 30.597000      0.027145     -0.533263
 30.598000      0.026528     -0.537969
 30.599000      0.025907     -0.542653
 30.600000      0.025281     -0.547316
 30.601000      0.024652     -0.551956
 30.602000      0.024019     -0.556574
 30.603000      0.023382     -0.561170
 30.604000      0.022742     -0.565744
 30.605000      0.022098     -0.570294
 30.606000      0.021450     -0.574822
 30.607000      0.020799     -0.579327
 30.608000      0.020145     -0.583808
 30.609000      0.019488     -0.588266
 30.610000      0.018827     -0.592700
 30.611000      0.018164     -0.597111
 30.612000      0.017497     -0.601497
 30.613000      0.016828     -0.605860
 30.614000      0.016157     -0.610198
 30.615000      0.015482     -0.614512
 30.616000      0.014806     -0.618801
 30.617000      0.014127     -0.623065
 30.618000      0.013445     -0.627304
 30.619000      0.012762     -0.631519
 30.620000      0.012077     -0.635707
 30.621000      0.011389     -0.639871
 30.622000      0.010700     -0.644009
 30.623000      0.010010     -0.648121
 30.624000      0.009317     -0.652207
 30.625000      0.008623     -0.656267
 30.626000      0.007928     -0.660301
 30.627000      0.007232     -0.664308
 30.628000      0.006534     -0.668289
 30.629000      0.005836     -0.672243
 30.630000      0.005136     -0.676171
 30.631000      0.004436     -0.680071
 30.632000      0.003735     -0.683944
 30.633000      0.003034     -0.687790
 30.634000      0.002332     -0.691608
 30.635000      0.001629     -0.695399
 30.636000      0.000927     -0.699162
 30.637000      0.000224     -0.702897
 30.638000     -0.000479     -0.706604
 30.639000     -0.001181     -0.710283
 30.640000     -0.001884     -0.713934
 30.641000     -0.002586     -0.717556
 30.642000     -0.003288     -0.721150
 30.643000     -0.003989     -0.724715
 30.644000     -0.004690     -0.728251
 30.645000     -0.005390     -0.731758
 30.646000     -0.006089     -0.735236
 30.647000     -0.006787     -0.738684
 30.648000     -0.007484     -0.742104
 30.649000     -0.008179     -0.745493
 30.650000     -0.008874     -0.748854
 30.651000     -0.009567     -0.752184
 30.652000     -0.010258     -0.755484
 30.653000     -0.010948     -0.758755
 30.654000     -0.011637     -0.761995
 30.655000     -0.012323     -0.765205
 30.656000     -0.013007     -0.768385
 30.657000     -0.013690     -0.771534
 30.658000     -0.014370     -0.774653
 30.659000     -0.015048     -0.777741
 30.660000     -0.015723     -0.780798
 30.661000     -0.016396     -0.783824
 30.662000     -0.017066     -0.786819
 30.663000     -0.017734     -0.789783
 30.664000     -0.018399     -0.792716
 30.665000     -0.019061     -0.795617
 30.666000     -0.019720     -0.798486
 30.667000     -0.020376     -0.801325
 30.668000     -0.021028     -0.804131
 30.669000     -0.021678     -0.806905
 30.670000     -0.022324     -0.809648
 30.671000     -0.022966     -0.812359
 30.672000     -0.023605     -0.815037
 30.673000     -0.024240     -0.817683
 30.674000     -0.024871     -0.820297
 30.675000     -0.025498     -0.822879
 30.676000     -0.026121     -0.825428
 30.677000     -0.026740     -0.827944
 30.678000     -0.027355     -0.830428
 30.679000     -0.027965     -0.832879
 30.680000     -0.028572     -0.835297
 30.681000     -0.029173     -0.837682
 30.682000     -0.029770     -0.840034
 30.683000     -0.030362     -0.842353
 30.684000     -0.030950     -0.844639
 30.685000     -0.031532     -0.846891
 30.686000     -0.032110     -0.849110
 30.687000     -0.032682     -0.851296
 30.688000     -0.033250     -0.853448
 30.689000     -0.033812     -0.855567
 30.690000     -0.034368     -0.857651
 30.691000     -0.034920     -0.859702
 30.692000     -0.035466     -0.861720
 30.693000     -0.036006     -0.863703
 30.694000     -0.036540     -0.865652
 30.695000     -0.037069     -0.867567
 30.696000     -0.037592     -0.869448
 30.697000     -0.038109     -0.871295
 30.698000     -0.038620     -0.873108
 30.699000     -0.039125     -0.874886
 30.700000     -0.039623     -0.876630
 30.701000     -0.040116     -0.878340
 30.702000     -0.040602     -0.880015
 30.703000     -0.041081     -0.881655
 30.704000     -0.041554     -0.883261
 30.705000     -0.042021     -0.884832
 30.706000     -0.042481     -0.886369
 30.707000     -0.042934     -0.887870
 30.708000     -0.043381     -0.889337
 30.709000     -0.043820     -0.890769
 30.710000     -0.044253     -0.892166
 30.711000     -0.044679     -0.893528
 30.712000     -0.045097     -0.894855
 30.713000     -0.045509     -0.896147
 30.714000     -0.045913     -0.897403
 30.715000     -0.046311     -0.898625
 30.716000     -0.046700     -0.899811
 30.717000     -0.047083     -0.900962
 30.718000     -0.047458     -0.902078
 30.719000     -0.047825     -0.903158
 30.720000     -0.048185     -0.904204
 30.721000     -0.048538     -0.905213
 30.722000     -0.048882     -0.906187
 30.723000     -0.049219     -0.907126
 30.724000     -0.049549     -0.908029
 30.725000     -0.049870     -0.908897
 30.726000     -0.050183     -0.909729
 30.727000     -0.050489     -0.910526
 30.728000     -0.050787     -0.911287
 30.729000     -0.051076     -0.912012
 30.730000     -0.051358     -0.912701
 30.731000     -0.051631     -0.913355
 30.732000     -0.051897     -0.913973
 30.733000     -0.052154     -0.914556
 30.734000     -0.052403     -0.915102
 30.735000     -0.052643     -0.915613
 30.736000     -0.052876     -0.916088
 30.737000     -0.053100     -0.916528
 30.738000     -0.053315     -0.916931
 30.739000     -0.053523     -0.917299
 30.740000     -0.053721     -0.917631
 30.741000     -0.053912     -0.917927
 30.742000     -0.054093     -0.918187
 30.743000     -0.054267     -0.918411
 30.744000     -0.054431     -0.918599
 30.745000     -0.054587     -0.918751
 30.746000     -0.054735     -0.918868
 30.747000     -0.054874     -0.918949
 30.748000     -0.055004     -0.918993
 30.749000     -0.055125     -0.919002
 30.750000     -0.055238     -0.918975
 30.751000     -0.055342     -0.918912
 30.752000     -0.055437     -0.918814
 30.753000     -0.055524     -0.918679
 30.754000     -0.055602     -0.918508
 30.755000     -0.055671     -0.918302
 30.756000     -0.055731     -0.918060
 30.757000     -0.055783     -0.917782
 30.758000     -0.055825     -0.917468
 30.759000     -0.055859     -0.917118
 30.760000     -0.055884     -0.916732
 30.761000     -0.055901     -0.916311
 30.762000     -0.055908     -0.915854
 30.763000     -0.055907     -0.915361
 30.764000     -0.055897     -0.914832
 30.765000     -0.055878     -0.914268
 30.766000     -0.055850     -0.913668
 30.767000     -0.055813     -0.913032
 30.768000     -0.055768     -0.912361
 30.769000     -0.055713     -0.911654
 30.770000     -0.055650     -0.910911
 30.771000     -0.055579     -0.910133
 30.772000     -0.055498     -0.909320
 30.773000     -0.055409     -0.908470
 30.774000     -0.055311     -0.907586
 30.775000     -0.055204     -0.906666
 30.776000     -0.055088     -0.905710
 30.777000     -0.054964     -0.904719
 30.778000     -0.054831     -0.903693
 30.779000     -0.054690     -0.902632
 30.780000     -0.054539     -0.901535
 30.781000     -0.054381     -0.900403
 30.782000     -0.054213     -0.899236
 30.783000     -0.054037     -0.898034
 30.784000     -0.053853     -0.896796
 30.785000     -0.053660     -0.895524
 30.786000     -0.053459     -0.894216
 30.787000     -0.053249     -0.892874
 30.788000     -0.053031     -0.891497
 30.789000     -0.052804     -0.890085
 30.790000     -0.052569     -0.888638
 30.791000     -0.052326     -0.887156
 30.792000     -0.052074     -0.885640
 30.793000     -0.051815     -0.884089
 30.794000     -0.051547     -0.882504
 30.795000     -0.051271     -0.880884
 30.796000     -0.050987     -0.879229
 30.797000     -0.050695     -0.877540
 30.798000     -0.050394     -0.875817
 30.799000     -0.050086     -0.874060
 30.800000     -0.049770     -0.872268
 30.801000     -0.049447     -0.870442
 30.802000     -0.049115     -0.868582
 30.803000     -0.048775     -0.866689
 30.804000     -0.048428     -0.864761
 30.805000     -0.048074     -0.862799
 30.806000     -0.047711     -0.860804
 30.807000     -0.047341     -0.858775
 30.808000     -0.046964     -0.856712
 30.809000     -0.046579     -0.854615
 30.810000     -0.046187     -0.852485
 30.811000     -0.045788     -0.850322
 30.812000     -0.045381     -0.848126
 30.813000     -0.044967     -0.845896
 30.814000     -0.044547     -0.843633
 30.815000     -0.044119     -0.841336
 30.816000     -0.043684     -0.839007
 30.817000     -0.043242     -0.836645
 30.818000     -0.042793     -0.834250
 30.819000     -0.042338     -0.831823
 30.820000     -0.041876     -0.829362
 30.821000     -0.041407     -0.826870
 30.822000     -0.040932     -0.824344
 30.823000     -0.040450     -0.821786
 30.824000     -0.039962     -0.819196
 30.825000     -0.039468     -0.816574
 30.826000     -0.038967     -0.813920
 30.827000     -0.038461     -0.811234
 30.828000     -0.037948     -0.808516
 30.829000     -0.037429     -0.805766
 30.830000     -0.036904     -0.802984
 30.831000     -0.036374     -0.800171
 30.832000     -0.035838     -0.797326
 30.833000     -0.035296     -0.794450
 30.834000     -0.034748     -0.791542
 30.835000     -0.034195     -0.788604
 30.836000     -0.033637     -0.785634
 30.837000     -0.033073     -0.782633
 30.838000     -0.032504     -0.779602
 30.839000     -0.031930     -0.776540
 30.840000     -0.031351     -0.773447
 30.841000     -0.030767     -0.770324
 30.842000     -0.030178     -0.767170
 30.843000     -0.029584     -0.763986
 30.844000     -0.028985     -0.760772
 30.845000     -0.028382     -0.757528
 30.846000     -0.027775     -0.754254
 30.847000     -0.027163     -0.750950
 30.848000     -0.026547     -0.747616
 30.849000     -0.025927     -0.744253
 30.850000     -0.025302     -0.740861
 30.851000     -0.024674     -0.737439
 30.852000     -0.024041     -0.733988
 30.853000     -0.023405     -0.730508
 30.854000     -0.022765     -0.726999
 30.855000     -0.022122     -0.723462
 30.856000     -0.021475     -0.719896
 30.857000     -0.020825     -0.716301
 30.858000     -0.020171     -0.712678
 30.859000     -0.019514     -0.709026
 30.860000     -0.018854     -0.705347
 30.861000     -0.018191     -0.701639
 30.862000     -0.017526     -0.697904
 30.863000     -0.016857     -0.694141
 30.864000     -0.016186     -0.690350
 30.865000     -0.015512     -0.686533
 30.866000     -0.014836     -0.682687
 30.867000     -0.014157     -0.678815
 30.868000     -0.013476     -0.674916
 30.869000     -0.012793     -0.670990
 30.870000     -0.012108     -0.667037
 30.871000     -0.011421     -0.663058
 30.872000     -0.010733     -0.659052
 30.873000     -0.010042     -0.655020
 30.874000     -0.009350     -0.650962
 30.875000     -0.008657     -0.646879
 30.876000     -0.007962     -0.642769
 30.877000     -0.007266     -0.638634
 30.878000     -0.006568     -0.634473
 30.879000     -0.005870     -0.630287
 30.880000     -0.005171     -0.626076
 30.881000     -0.004471     -0.621840
 30.882000     -0.003770     -0.617579
 30.883000     -0.003068     -0.613294
 30.884000     -0.002366     -0.608984
 30.885000     -0.001664     -0.604650
 30.886000     -0.000962     -0.600291
 30.887000     -0.000259     -0.595909
 30.888000      0.000444     -0.591503
 30.889000      0.001147     -0.587073
 30.890000      0.001849     -0.582620
 30.891000      0.002552     -0.578143
 30.892000      0.003253     -0.573643
 30.893000      0.003955     -0.569121
 30.894000      0.004656     -0.564575
 30.895000      0.005356     -0.560007
 30.896000      0.006055     -0.555416
 30.897000      0.006753     -0.550804
 30.898000      0.007450     -0.546169
 30.899000      0.008146     -0.541512
 30.900000      0.008841     -0.536833
 30.901000      0.009534     -0.532133
 30.902000      0.010226     -0.527412
 30.903000      0.010916     -0.522669
 30.904000      0.011605     -0.517906
 30.905000      0.012292     -0.513121
 30.906000      0.012976     -0.508316
 30.907000      0.013659     -0.503491
 30.908000      0.014340     -0.498645
 30.909000      0.015018     -0.493779
 30.910000      0.015694     -0.488894
 30.911000      0.016367     -0.483988
 30.912000      0.017038     -0.479064
 30.913000      0.017707     -0.474119
 30.914000      0.018372     -0.469156
 30.915000      0.019034     -0.464174
 30.916000      0.019694     -0.459173
 30.917000      0.020350     -0.454154
 30.918000      0.021004     -0.449116
 30.919000      0.021654     -0.444061
 30.920000      0.022300     -0.438987
 30.921000      0.022943     -0.433895
 30.922000      0.023582     -0.428786
 30.923000      0.024218     -0.423660
 30.924000      0.024850     -0.418517
 30.925000      0.025478     -0.413356
 30.926000      0.026102     -0.408179
 30.927000      0.026721     -0.402986
 30.928000      0.027337     -0.397776
 30.929000      0.027948     -0.392550
 30.930000      0.028555     -0.387308
 30.931000      0.029157     -0.382050
 30.932000      0.029755     -0.376777
 30.933000      0.030348     -0.371489
 30.934000      0.030936     -0.366185
 30.935000      0.031520     -0.360867
 30.936000      0.032098     -0.355534
 30.937000      0.032672     -0.350187
 30.938000      0.033240     -0.344825
 30.939000      0.033803     -0.339450
 30.940000      0.034360     -0.334060
 30.941000      0.034912     -0.328657
 30.942000      0.035459     -0.323241
 30.943000      0.036000     -0.317812
 30.944000      0.036535     -0.312369
 30.945000      0.037065     -0.306914
 30.946000      0.037589     -0.301447
 30.947000      0.038107     -0.295967
 30.948000      0.038618     -0.290475
 30.949000      0.039124     -0.284971
 30.950000      0.039624     -0.279456
 30.951000      0.040117     -0.273929
 30.952000      0.040604     -0.268391
 30.953000      0.041084     -0.262842
 30.954000      0.041558     -0.257282
 30.955000      0.042026     -0.251712
 30.956000      0.042487     -0.246132
 30.957000      0.042941     -0.240541
 30.958000      0.043388     -0.234941
 30.959000      0.043829     -0.229331
 30.960000      0.044262     -0.223711
 30.961000      0.044689     -0.218083
 30.962000      0.045108     -0.212445
 30.963000      0.045521     -0.206799
 30.964000      0.045926     -0.201145
 30.965000      0.046324     -0.195482
 30.966000      0.046714     -0.189811
 30.967000      0.047098     -0.184132
 30.968000      0.047473     -0.178446
 30.969000      0.047842     -0.172752
 30.970000      0.048202     -0.167052
 30.971000      0.048555     -0.161344
 30.972000      0.048901     -0.155630
 30.973000      0.049239     -0.149909
 30.974000      0.049569     -0.144182
 30.975000      0.049891     -0.138450
 30.976000      0.050205     -0.132711
 30.977000      0.050511     -0.126967
 30.978000      0.050810     -0.121218
 30.979000      0.051100     -0.115464
 30.980000      0.051382     -0.109705
 30.981000      0.051656     -0.103941
 30.982000      0.051922     -0.098173
 30.983000      0.052180     -0.092401
 30.984000      0.052429     -0.086625
 30.985000      0.052670     -0.080846
 30.986000      0.052903     -0.075063
 30.987000      0.053128     -0.069277
 30.988000      0.053344     -0.063488
 30.989000      0.053552     -0.057697
 30.990000      0.053751     -0.051903
 30.991000      0.053942     -0.046106
 30.992000      0.054124     -0.040308
 30.993000      0.054297     -0.034508
 30.994000      0.054462     -0.028707
 30.995000      0.054619     -0.022904
 30.996000      0.054767     -0.017101
 30.997000      0.054906     -0.011296
 30.998000      0.055036     -0.005491
 30.999000      0.055158      0.000314
 31.000000      0.055271      0.006120
